| SPR |   X   |   Y   | DIR | TYPE |
------------------------------------
|   0 |   538 |   998 |   N |  180 |
|   1 |  1061 |   521 |   N |  180 |
|   2 |   397 |   978 |   W |   90 |
|   3 |  1454 |   907 |   E |  360 |
|   4 |  1950 |   470 |   W |   90 |
|   5 |   868 |   523 |   W |   90 |
|   6 |  1953 |   696 |   E |  360 |
|   7 |  1349 |   540 |   S |  360 |
|   8 |  1288 |   517 |   E |   90 |
|   9 |  1375 |   523 |   S |   90 |
|  10 |   227 |    32 |   S |  360 |
|  11 |  1188 |   119 |   N |  360 |
|  12 |    45 |   635 |   N |   90 |
|  13 |  1967 |   820 |   S |   90 |
|  14 |  1282 |    84 |   N |   90 |
|  15 |   573 |   118 |   N |   90 |
------------------------------------

